171410152690417664
525861159446904832
980763915749322773
710370237266133033
791553210225131520
850052633863782431
850064935249772565
855525918038556712
912607333551570984
1032715529795932170
1045827516687978609
1045833926544998490
1052287538901033121
1052672886000848996
1053394232037085236
1027559319698427924
987600607491813396
1031781947942383656
894309394500702218
1111200942407303210
1100275719491301436
980874550424240209
1029065620878282792
863277133018300446
1165859010247921725
1246776200018268192
863633903239299083
1218605505644335137
851458457105072140
928709197271548035
907205442638327868
1233342585553158205
1032717202966728734
687991641780649986
1155789748821049344
869116334099804180
1123649284097712250
1122944142985666690
976797985675550760
1000299216511442995
1120034349249728524
1056520726175285308
1111566182542233661
1098895035250003999
1164797950535401483
1290569746927980575
969154673158266920
1201070881506607107
1100037573822398524
1074729279763517580
1071026316729651251
1240639077322068011
1295456781254000681
719532387876339764
1094404066534244435
973029333465718814
836435796441301023
974256508994998292
1056144550596444211
1072214150509510706
1075001295427096616
770495513274482700
980763915749322773
1050124073168023612
1029757956985720902
1108291730291310592
525861159446904832
894309394500702218
1280889043818647626
1269329681946120254
1031162944693747803
1247997480025718927
1254526312782106695
1114558013446049842
1266106649102254142
568609637474238497
1150882778649477281
678423436711690242
1031160930836426793
818748526136655873
559455403465768980
656539654404702279
407288959274844170
938737964559769693
1061359390189441035
859670623437717504
1026413662166056971
946726273466662932
1246001060678471752
929628625668571166
932309074744344677
999365682804310036
1094181903445262398
1076879728855748699
1106911016241086495
1101435333222076426
667025224566308904
885858280960843818
949241074327646218
984671439703670794
1079010229452296242
936201573946769448
839578223759327263
880777118382964747
1050034915468640317
805421021800693772
794590054197886987
827923119175499826
880453599799423026
1095386747967393845
1043194242476036107
887172710248116224
1102592846927757472
1171916130202439700
1191828695405580348
1144968902493863958
1049453552176742451
1216736738584563816
899515135419371551
532805438962401282
1026393586977230859
1135889422697635901
1151950474308751421
556577509244665856
295279923864535041
513879486479990804
883997337863749652
1247532192859684864
930102581806649384
1137352435531268097
1192847951559667833
842735208733999175
1048878684213366824
919150417600978954
1062663029285732442
1112623863675764807
1198875011243573299
1253951233316622376
1278662119243518085
1002445912896970843
1043177851601567805
1277537341900062766
1161696658053152859
1072891651464384512
238536881724194816
1135877477437276220
1061593112897658972
761085199068561468
1095044669601226862
955853607331319818
1083393926532186204
1007203198500618302
1009031203908763719
1137688824336621639
1156606085516509225
507169200440344587
1147120961217363978
1236172784481341512
1222488868344041473
732928442311376906
845156998927876126
792458790904528926
701488028773908550
1227513277395898439
1103794904376803328
847591079535443968
1129107008562397245
1187440040805142635
863448328795324416
1160096992257654806
898981600803565668
833414571401674762
552577396088504370
1076859634884825129
1239966905901518948
1237389346336673816
1248671268316778538
769139505831477251
725734590173675560
1043483264008073316
708588796530393099
1055444254928949302
1067000031133052959
1100668312905601084
1054858749078159411
1031762580491993099
819233310583947336
921318084982210601
1176136542121623565
910110392007659531
1032717591719989278
963261299993739354
998157644630081626
1133452320433246299
1074347520240668752
1113739022741811232
1074961632070991893
1135439795796058164
1123900884842197064
1135489044176973886
1110990878903910570
897798897030795294
1009904962609881108
1044948123891552387
1045071647713005648
1048943379301539864
1229885076834222244
1249645869221941392
803642114596274237
1109451457759019052
1116005655640289370
911854646128177173
1272564104485404756
1127137873540415588
952162564438114314
1066122940132884590
1081927636294578286
702028331603853432
1030300412118569082
1033055684935299152
817391444946845727
1216732903254396951
1040345105523024003
1141410699919237201
1031781947942383656
717969575676870707
1047461613990580294
1247483771716894771
1028199457235410964
1035924817330847755
1069186608164769802
1099633006647463956
791300251016495125
821975585412481064
1105893459405058078
1183034588906405888
829188254586372137
1271794474049077339
1202491634974195732
971261894256111626
777362031908749333
948415914045489173
1039334517720227930
1085336475622715444
1049338130613948456
933530328205766686
551560280623153173
487659717443846144
1102594209770381422
979308124777365534
1051493165514899506
1041252564706017410
762279139154722846
1231874231185182782
737586769670963270
1033663852052758579
687991641780649986
700957243482308609
951371900431523901
1140921826835439666
1153931084178927627
1018694114960740473
1061859937325682729
1032515604076302356
1085948424748277831
877030594658308098
1015991902341959690
171410152690417664
850064935249772565
1045833926544998490
1111200942407303210
951096817007878184
1094673220612919427
1140919709030678629
1106471485796790322
1069464014716948581
1002239615253626920
1144576489661149288
817702366652006422
1083290894746275844
1186833748151500921
1168115541727248417
1188026119455252496
1103300898920353792
1173911054812708896
1155102291116953620
1253986936792551529
1282286972135669822
1164165433042157619
1149961920716230697
1151081989881999390
1274263170181234731
1177876955908018259
1181493837844197388
1286936012374671380
1169637870479364170
1089396240900444170
1189021222839787620
1159325361021128765
872099447826436166
1144183685365641236
1112442928565075988
759358466523004948
1191048021992017931
995214525961871380
1262367889076256778
572035081640738833
1230872490147057770
973003689843384370
427976741693423627
230849400430264320
1253276141863833600
916506102118637618
1144892412859260958
1064896499076575314
1124779628809179206
1167732443151863808
311497350390480896
1183664173096390748
1284942564629151825
1032718740955074601
1032715529795932170
772477308895232000
1118881870554337290
825878498517712936
981518262800089209
1077911489249296439
1129809981428990055
1100662902249234442
1091972371751129149
871355459750223903
1094229835716501595
1169978543757856851
1123090244800102414
1031172134795489332
1131951726019227758
1136679580858581143
1088292231212974161
1126364906829123594
1034463001216045127
895987469894438943
1068539193237721220
1134678961738223727
949541771866693693
1088441414083428383
1107583161933770792
1116717612521488395
1129812106695409815
965198844109402122
1083738700917252096
1094146388272615455
1061886203089129602
1126022013492928523
1137380141769699348
1101105437144797235
1088426952643317760
1099894059323105300
913347660746989598
976141519104913480
1160485248522539058
1056263188993286245
1064892360271609876
1094147208019972197
1102859079480782868
649683229124853772
1148574250073083915
693537393847828492
764043869569810443
836284409110986783
985208192717955202
859619023864332299
988381865490673664
1030702559922491412
907033895407611944
1125176878567804959
1125178011742916699
1127273058781102161
1181110915274395686
1157186112503152731
1181491704835100749
1172119087808249910
1255800495717748838
1165955125207113738
662294187303239720
1037046207274561536
1265158776215044230
1119657862709395486
922776570597376012
720105992947499010
732504419647619072
968399051995357194
1121608121106829412
666830131230146580
1038605289068441600
1080079015165050941
1118855311512580167
1031110964898177054
589962752865337374
137097143453351936
106541362001776640
1204052867976011856
1177584120302424118
860355478626238474
1078635323602505738
1036166640561303572
1069507304719912960
1071738266203734046
1071074849478422679
1225053871743832079
1141699053680349287
1251878156865114196
1222471639254700075
1243212619825942568
1064085683758714950
1084285203616366712
991517803700027443
1198041689957343246
1053918356375351386
784353540948361246
928709197271548035
936638924753879112
622464875955748876
1176114349883019346
1242356258531704877
1029065620878282792
1004001053743779870
1241196042708586567
819068378031063121
973615597608902706
1142766085347741706
1180861041861734473
1230457190788104293
1032713012760543345
765841266181144596
935234666955419712
961929586608848946
972445232698392597
877071004957044796
922744740640878622
1140837744428453888
1152853984189628427
928644167821836299
1163379305074655374
1174546361652350976
1192052955751399505
1102415700284411925
1168443705527648320
1073587059635261450
1102610075215999169
786327012544348170
722100545954775090
960922446553305100
825018395372159016
694469397477064704
1078346729763635230
1227194499889889312
1041276906634494012
919102245449117707
1176500531489951825
900981299022536757
1098361139483656253
710370237266133033
791553210225131520
850052633863782431
855525918038556712
912607333551570984
1045827516687978609
1052287538901033121
1052672886000848996
1053394232037085236
1100275719491301436
980874550424240209
1125826427917439009
974252069005459456
1256997786096767080
897692506802753546
772431289805832203
1094609493498793985
1100873239917494392
744844193826078781
1113000505459871794
1088841914784157716
1102856943829270611
884426540073512991
1001852394201681960
921710301253095424
1111193263634923632
1055300198429110352
1054001540408549426
870179991462236170
1060027928206917682
1127813715069247498
1122254474421993613
709868537916948541
820309782367174657
487565795979821059
1133021280115896420
781837376346914816
1138784820823076886
892792124574167092
1172873376931516486
1126550901176422521
961253831017123890
825084723038650398
731955203602907207
830211403440062475
771928620632899594
791899538918604831
1061563811708018698
785284472852840458
1081795037114929212
1121743104718950420
871970311430635540
1042755299406254102
426070381691142144
1196871068955197520
1147589475153748070
888972041129164820
1060077075257643058
852561898774724648
1174193442788745266
903161791692046357
677805692467544065
840865931164516392
1010129106182086716
1059116877663715418
1161257053558419456
1130591911435063377
1115178221122629652
1035043331966783498
1143469898077569104
890545574942752788
1111623293385064509
1069247177274167397
482142253398228992
1015947018734149643
1001117298616180826
1040658844101128362
963208961375473715
543571012038426625
528568862703091732
370869167974252545
852559158397632542
803222255609577502
971835289989439590
1079650868133109770
1124402136478912522
1285620137646624869
1047021220446621746
920336941155749929
870652795412422686
1058690413155864626
1122021895873773689
1136185921566425128
967575805116948510
1173024416020566180
786729887871664159
1170450360008196278
834137104261840958
754040329359065098
795582668124585985
726693228723830794
934746047924797500
1131613674461724792
1268209310450843658
1260641068186210384
869237263454863411
726121326946942996
1091308034325745716
930833442684403822
985781321731305524
1199253799395659809
1235204716837998602
381909259731992610
264206726729826304
1117390596672331878
1121008882404306955
1178952668589346927
980738906611916871
764415099213185025
940670840524132472
1052017234400251974
1084924906241798144
1104327947403411469
1236171969699778630
1130788311875727381
792429836088901654
931779785397506059
798097249774731264
1112405250805071893
719787739242954784
831413418841341983
821022164638498836
1039823501512691784
745667452876226653
890913552368541736
1020945566596857928
848142840097800232
1203237224863506471
863277133018300446
1165859010247921725
1246776200018268192
863633903239299083
1218605505644335137
851458457105072140
907205442638327868
1233342585553158205
1032717202966728734
1155789748821049344
869116334099804180
1123649284097712250
807151980464046110
823430656808714252
897023337870536765
707208023868702742
876656448497655869
1178075092815716503
799518735604908042
767979794411028491
1035813865113526322
1170659343750922274
702846768597041182
909754846331158528
604653481999204360
823988183460610071
958407004446130198
973451495708172318
984664479159697408
1048812761808912396
1010482620834009129
956828133368152145
1087238021369307136
763718652909322250
930490303977250857
900936619840917555
922870766356279306
1034004933634166785
1181355350218248277
1181358127828959325
1222474024144080987
825213341353902090
1160748933526597672
745826354930384967
756210132404142190
1127879798212018216
1185192483295072278
978351153047826433
1148985912982765628
1203955082647834685
1094556642869248000
1184908480331657277
1033343075373809754
1215311769338249276
1192955593556770866
1094307919941599343
684281787178156060
868383743461691422
1073166215264096256
1063825345133957130
1166343411486433382
716901033749643286
1198750393161752626
1154478369510002910
852671185900273734
972186827509366834
1209253730998816838
852914409285615648
503974255055077397
736989735368786021
699560171134779452
1031762803729629254
1155968599123562547
921115450610438174
698835777785823232
1196418692142084181
1116045520608178257
853896824275337227
1140211166262607922
1215347502954450974
1141868611200352336
1086618469681856522
981018171081367574
1128730045591068763
1063763137033158738
1091239780236402702
1129756830147559424
1112284702599037000
848460008572059678
1112239801400303676
1084600605995188286
990980552796545104
1063779878597570590
1116146730627502120
1077054121221312592
669499322316095530
829124882150981702
141388638863884288
634796083540656160
809026635268358164
906040435770810378
1157851782312108103
967474913185263636
1227000980445462628
1141685035586555986
1218233245414719629
662027513945522206
1021822486695911565
1010564263196246106
987421155939995648
496174715782692884
796608949977219082
985234734621786142
1071203789949907076
1144309887078240439
1214477974183612426
1110936286757392575
760716842112253952
987667887982522392
798794813251125279
686131877597413383
919481065410822175
260846491373928450
871592273551458314
798178012004089866
1280571577888673906
863386442171678720
1182420222494380136
1294672294995558414
1178553039708229652
1208892061500055592
887375638992920576
1260707077802954896
607214176007356427
1252559226442879101
788391938679767061
477663292651995150
804605326049542154
909997249784844310
985925580409171998
895468691486040105
1005698680931754095
996436972434374750
1086576203231666216
1086574731261657088
760071332560896022
1189967383734001774
1287827925944762431
1236031511858253895
864889243637776385
1052285514650234950
1015978252365475901
1064800826448674846
1120398942002237521
876273313729642497
1120160875559534692
1079830592780242974
873456121229226065
1123682305081356361
1082981465987498024
967663061328621633
1168548596090683553
1018759410669064192
997391509991194675
1100091287505485865
1015486067060781176
568671072258490379
1071208640545030236
1032716466467901470
1097083048270504016
886601255164719124
1228645468209152053
1250090555204178000
1243430194635735061
1245931121317904434
1251852272523284584
942779558657130557
1243485260176556063
777774609164009483
1181136289483980862
1122791365470847036
1176177068598382625
955674414605807626
952769238920200272
596328515163389953
707953654811852828
710064194203943003
828878787278143529
1250686361661341736
1147713311316643932
1174218374948069446
1153204790881435679
875277969894035508
637481894581239818
710075749188632687
665189318897172482
1061393929473359922
825323506606538753
722445070451736586
773083295163482133
983945023169126400
973850148327272448
501654575296675840
711450588423913493
937769826611499008
965164744975720449
939460896466550795
928563591001563199
1181136300447907881
948038999279304754
1008034327562555413
1087094268113473536
1068367843030224906
922475994475032616
1050837694596522085
1123629086003183736
1207626545829511219
880860693568581703
1156186943537811526
1156437624303669298
1199773088590594049
1056943153501982740
1210530635811135529
1150589377752334356
767257168503767070
1271241061003689987
975503658504556594
1276665277093904426
422423965513023489
1102994900166918165
884638000405958706
1067041632194662442
1147573277154345000
1119654304886833252
1117137126161661973
1011589516060016661
1268175473037410305
702050985660514364
930021536105123860
1193901323872120892
1208741476041752667
802217273142149161
1263155166383702098
1014925620704186378
1224820081427742813
1124719241229250581
1091724822054178846
1068022615635148890
753919912468152320
1149622024344453231
1147935418508132423
1216037192976171081
760143551920078861
747460039693959209
790961837964525599
1186293727799562341
1194434906059706450
323841964137119745
868853667732815872
974214292326985758
827846799514796053
1002184591408386079
1047848115467722772
1086908241453256736
1144983420133453915
1055052521762213938
1221333814270230630
725649445701550130
972559447463436308
985187216512913408
962180641565327390
923590442589749329
861584067123871764
376415493096996865
1129721072661581956
1175684269197234248
1153223024624013374
1152195376556810303
1138121182902747157
1038080001356087358
540349722540507166
1120425440885092354
1129964877801341008
862607256143134740
1123207072499126303
913824028135936030
1089860594309541939
1141060899868782662
1164239260484915360
1155937278842130533
737652098631467010
776047650515714048
865541159392641035
1209758903252815945
1264822171939635310
1272334357880901694
1170751128561004710
978271662464176179
831447040985792562
872678253725360128
1089412473016287346
1027559319698427924
874600176621350954
966009133742555177
912683208146038834
923154741238833182
910160970582728734
755491120368058390
799558042856980510
1014602368664490097
1060196211715489802
931068965097205780
1136575981084233729
1277585256949481603
1155392389909839993
1279082652200341608
1064850565768683540
1085452427932745729
759086660712661033
961591635513331722
1117382614651785346
893279844467609610
1198377093852049410
763075395485696032
1177283550744158320
1095455935792681020
909872531496910868
1198381600946274315
1101818553532960788
1237701758046834790
1164135502971154474
1254718770744659998
1118086588820373575
885134021980463135
488135194759659522
1088926943602290828
976432142361960468
737322323144867851
1128757168141783141
724656667178041355
595459812129767424
1117856627144536144
843414016176291842
1070300354715078747
611491346628214788
1032712446810533919
1103198340914610176
871750020846714912
1171431658499620931
928714039842967632
765450138495090738
1187710877265297470
660879218321784852
1154044471055499265
1099633398064103424
1103972194347929601
1088732926847496242
1247220303856144467
1071076064908038195
1008594382401843291
1159145963244507257
424884622082572299
1121805328036671498
1047870127200276510
936267416466518026
876467085541244928
1041626849983340584
812356569849266217
1116103266095353892
758553675726585858
847680202367959120
780409086055153664
942780628942872696
1099052828288368683
1115617957549178930
727480112580132926
1118080844028981290
1189898430978461739
989514079129436242
901527453326016544
1284934379226923120
995313312520744990
577078283213078539
1034081100726800455
1140711454354444399
887333800860856341
929354650430345276
829318432393920513
1067899833668616243
1102963489468858540
1043493208556052520
514388705730101248
1183683886958510110
419399521626357771
1178916974848389121
1182077769526550608
1126702183669309552
732640397431537735
1120658781588688896
906266397489913916
1004125498194010143
1251234523182530636
1172532343085477888
1125331786315087893
812922194882723840
1023944426168516630
1066057206585364611
527381400094244875
889083987547529227
1084154795755053156
1082615755541053474
1060867781039489084
1102139312964894771
1246177542608785449
1199613930566340633
1248877116427079690
1182931476803751966
1248124245121171610
1140233816867356723
1109824485802127430
1130154511017717881
1188808809813127188
936847116469424178
1049342351581139004
1031467303499464714
1109718542795944017
1280853533318709258
1018907478072774666
1278301589253394432
1140652684551135252
1018818800348573707
1113738546981912646
1191224753718055006
954415072007053312
1150317962608259114
1088671115909533809
1093069616626028575
1005050788269269023
900619912303763476
1198106363977531422
1153732971275235328
1020880180677447710
1219969025027870743
894177762787622942
875378739528220683
1186955677944512582
710490253567197272
873208053598683187
1160158620487528460
1156641261923614823
538503239532806144
881934253510754335
455146103755636739
1021387365899579463
1131116853121531945
1120300404182351873
914798022150488144
1112670339122593792
926124232524562432
1092387715087093771
665737429088731167
934117845976088716
759033907562938399
695028266410573845
1074003100152635432
920581404914515988
1001287468391354568
1101410144492990466
1026872315390205962
1081895520575967244
807449955346022400
880707576180932639
762306602320658432
920292746332360746
902179254786215976
1039494988226113607
1011135430802034789
841059338659692544
1035066385656721458
859034960148561981
1040914878883446784
940213406047289425
1092189173995286548
987600607491813396
1033357284413292584
901646489976180737
714010133348220928
1234434190062260249
1207952649409003580
479369075982729217
492544876114739200
1002077998935199774
1103999851521392720
849600436842266654
1259296105213067275
1290239408515321899
918119378724192286
1120690283437379704
1189309239026536458
1047206670230630471
794610380302319646
885962577652359288
888835641243230219
1129972582532255884
1134648397186478121
879406464568020993
769802074338623519
805101989838979082
1148251295266906122
1203961345381502997
1187688759706271774
894541985451495424
1203914810920673303
1121159405891751997
1044679134913245225
1051849101672722472
1224753398193066147
1156988801093206128
401666734458798081
1126033109259931691
708630798579793941
705410868808122471
479535252067319808
383145834231103490
843957458807554050
506807603280478208
662638521789710346
1159970355977404506
1032784697153036439
758148820919648258
1224731609329045514
1051892982778961960
1188993197515481141
1109881393170882600
561819976416362535
1141385648452935690
887027074102099999
1091187469329891409
987398276577894472
1083151950415134760
1072328092359606352
418058718370856961
694192269762363463
727749080582979666
713961323880513537
347828896223461377
1145742858402410576
273969353517432832
1072534464825143338
775958401087569950
1083257521734684692
446500198433161216
612652599740727342
491366699145101313
1056511746929606726
1044962763203678228
1086083735025373315
714184774436126800
596620643726917644
976937808751108166
1194949104351059988
571045559587045409
1203741826994016429
739483945313239091
1228461935868252261
479341334784901120
705034281617195059
1027735232822116353
543839392293322774
524380742709411840
626358914346123275
713239761359470645
1083766241648451648
1105168618070757376
473005079562158091
1295053532990410803
1213147467684642931
1083750723457654804
709632834825879562
1187928429522341890
1125181668056113292
1249170880504795240
428859343161655296
1151330032963305582
1143469142565978243
835285252011196426
562220451582050335
564399126888972289
815683336651276341
891268532162166846
722527716028448798
1126197153304428636
970071489053327400
837913437081436221
747403526589775902
431052966393282562
482439585281081344
917666700923637810
1084569247969181696
450007867471298590
817762100516093992
1151490915760873502
